5 20
          11  18  10  12  10 
 84   2    3   0   2   0   1 
 73   2    2   0   3   0   0 
127   1    2   3   2   1   1 
103   1    1   4   1   0   1 
174   3    3   5   2   3   0 
146   2    1   3   3   1   3 
120   1    1   3   2   0   3 
 75   1    1   0   1   1   2 
144   2    3   3   2   1   2 
133   1    1   5   1   3   0 
 72   3    2   1   0   2   0 
107   1    3   0   1   1   3 
142   2    1   4   1   3   2 
130   1    1   5   3   1   0 
108   3    1   1   2   2   2 
146   3    3   2   3   3   0 
137   2    3   2   2   0   3 
168   3    3   4   1   2   3 
 75   3    1   0   1   0   3 
106   3    2   0   3   0   3 
