5 50
          11  18  10  12  10 
 89   2    3   0   2   0   1 
 74   6    2   0   3   0   0 
127  10    2   3   2   1   1 
 98   9    1   4   1   0   1 
171   4    3   5   2   3   0 
151   5    1   3   3   1   3 
121   9    1   3   2   0   3 
 74   3    1   0   1   1   2 
143   2    3   3   2   1   2 
132   6    1   5   1   3   0 
 73   8    2   1   0   2   0 
110   2    3   0   1   1   3 
142   9    1   4   1   3   2 
136   8    1   5   3   1   0 
106   5    1   1   2   2   2 
147   5    3   2   3   3   0 
133   4    3   2   2   0   3 
168   5    3   4   1   2   3 
 75   1    1   0   1   0   3 
106   6    2   0   3   0   3 
139   8    0   1   3   3   3 
 89   3    1   1   2   1   1 
 42   7    1   1   0   0   0 
 95   8    1   4   0   2   0 
 89   8    1   2   0   0   3 
 65   2    1   1   0   2   0 
102   4    3   0   1   0   3 
172  10    3   2   3   2   3 
151   8    1   2   3   2   3 
134   3    2   3   2   2   1 
123  10    3   3   0   1   2 
 94   5    0   2   2   0   3 
124   1    0   4   1   3   1 
 70   6    1   1   2   1   0 
123   1    1   5   0   1   2 
158   8    1   5   1   2   3 
139   2    3   3   0   3   1 
181   4    2   5   3   1   3 
145   3    0   5   2   3   1 
138   6    2   2   3   3   0 
 89   3    3   0   2   0   1 
130   8    2   1   2   2   3 
 61   8    1   0   1   1   1 
 74   5    0   0   3   2   0 
103   3    2   0   0   3   2 
136   9    3   4   1   1   1 
126   5    1   3   1   1   3 
 74   9    0   1   1   2   1 
125   5    3   2   0   1   3 
106   4    3   1   3   0   1 
