5 25
          11  18  10  12  10 
 85   5    3   0   2   0   1 
 71   4    2   0   3   0   0 
120   1    2   3   2   1   1 
100   2    1   4   1   0   1 
166   4    3   5   2   3   0 
149   1    1   3   3   1   3 
118   2    1   3   2   0   3 
 74   4    1   0   1   1   2 
143   1    3   3   2   1   2 
139   5    1   5   1   3   0 
 79   1    2   1   0   2   0 
110   4    3   0   1   1   3 
150   2    1   4   1   3   2 
136   5    1   5   3   1   0 
115   2    1   1   2   2   2 
146   2    3   2   3   3   0 
133   2    3   2   2   0   3 
174   4    3   4   1   2   3 
 76   2    1   0   1   0   3 
114   2    2   0   3   0   3 
137   2    0   1   3   3   3 
 88   5    1   1   2   1   1 
 40   1    1   1   0   0   0 
 99   2    1   4   0   2   0 
 84   3    1   2   0   0   3 
