5 30
          11  18  10  12  10 
 91   9    3   0   2   0   1 
 76   7    2   0   3   0   0 
118   1    2   3   2   1   1 
 97   9    1   4   1   0   1 
172   3    3   5   2   3   0 
143   7    1   3   3   1   3 
121   9    1   3   2   0   3 
 76   9    1   0   1   1   2 
142   4    3   3   2   1   2 
138   8    1   5   1   3   0 
 70   2    2   1   0   2   0 
113   9    3   0   1   1   3 
144   6    1   4   1   3   2 
139   9    1   5   3   1   0 
109   4    1   1   2   2   2 
145   7    3   2   3   3   0 
132   4    3   2   2   0   3 
172   9    3   4   1   2   3 
 72  10    1   0   1   0   3 
108   2    2   0   3   0   3 
132  10    0   1   3   3   3 
 91   1    1   1   2   1   1 
 35   7    1   1   0   0   0 
 96   1    1   4   0   2   0 
 87   4    1   2   0   0   3 
 61   6    1   1   0   2   0 
102   3    3   0   1   0   3 
168   6    3   2   3   2   3 
148   7    1   2   3   2   3 
138   9    2   3   2   2   1 
