5 20
          11  18  10  12  10 
 84   2    3   0   2   0   1 
 73   3    2   0   3   0   0 
127   2    2   3   2   1   1 
103   2    1   4   1   0   1 
174   5    3   5   2   3   0 
146   2    1   3   3   1   3 
120   1    1   3   2   0   3 
 75   2    1   0   1   1   2 
144   4    3   3   2   1   2 
133   1    1   5   1   3   0 
 72   4    2   1   0   2   0 
107   1    3   0   1   1   3 
142   3    1   4   1   3   2 
130   1    1   5   3   1   0 
108   5    1   1   2   2   2 
146   5    3   2   3   3   0 
137   3    3   2   2   0   3 
168   5    3   4   1   2   3 
 75   4    1   0   1   0   3 
106   5    2   0   3   0   3 
