7 25
          11  18  10  12  10  19   5 
132   4    2   0   1   2   0   5   0 
136   1    0   3   2   2   1   2   0 
174   2    2   1   0   1   3   5   1 
150   3    3   0   1   2   3   1   1 
136   2    1   3   2   0   3   1   0 
166   3    1   2   2   3   2   3   0 
150   4    2   1   3   1   3   0   1 
 84   5    1   0   2   0   3   0   0 
208   3    1   5   1   2   1   5   1 
162   1    1   5   3   1   0   2   0 
222   3    2   4   2   3   1   4   1 
181   2    0   5   1   2   0   5   1 
149   2    3   2   2   3   1   0   0 
143   1    0   5   2   0   3   0   1 
162   1    0   1   3   3   3   2   0 
 75   5    2   1   1   1   0   0   0 
 90   3    0   2   2   0   2   0   0 
 97   1    1   1   0   3   1   1   0 
112   4    2   0   3   0   1   1   1 
193   1    3   2   3   2   3   2   0 
246   2    3   4   3   2   2   4   1 
163   5    1   5   2   0   1   3   0 
143   4    1   3   0   3   0   4   0 
127   5    3   2   1   0   2   1   0 
142   5    1   5   0   1   2   1   1 
