7 50
          11  18  10  12  10  19   5 
133   2    2   0   1   2   0   5   0 
134   2    0   3   2   2   1   2   0 
170   3    2   1   0   1   3   5   1 
150   7    3   0   1   2   3   1   1 
135   2    1   3   2   0   3   1   0 
172   4    1   2   2   3   2   3   0 
151   9    2   1   3   1   3   0   1 
 83   1    1   0   2   0   3   0   0 
207  10    1   5   1   2   1   5   1 
154   4    1   5   3   1   0   2   0 
216   6    2   4   2   3   1   4   1 
179   3    0   5   1   2   0   5   1 
147   5    3   2   2   3   1   0   0 
144   7    0   5   2   0   3   0   1 
156   8    0   1   3   3   3   2   0 
 70   2    2   1   1   1   0   0   0 
 83   2    0   2   2   0   2   0   0 
103   2    1   1   0   3   1   1   0 
113   3    2   0   3   0   1   1   1 
193   9    3   2   3   2   3   2   0 
242   3    3   4   3   2   2   4   1 
163   7    1   5   2   0   1   3   0 
149   9    1   3   0   3   0   4   0 
121   9    3   2   1   0   2   1   0 
143   1    1   5   0   1   2   1   1 
180   1    1   4   3   3   2   0   1 
197   5    1   3   3   3   1   4   0 
195   8    3   3   3   1   2   2   1 
112   2    3   0   3   0   2   0   0 
156   5    2   1   2   2   3   2   0 
110   2    1   1   1   0   0   4   1 
159   8    0   4   0   0   3   4   1 
130   7    3   1   1   1   1   3   0 
144   8    1   5   0   1   1   3   0 
178   6    3   2   0   1   3   5   0 
183   1    3   1   1   3   1   5   0 
138   8    2   5   1   1   0   1   0 
 82   6    1   0   2   0   2   1   0 
142   6    2   0   3   2   3   0   1 
204   3    2   5   2   3   1   3   0 
121  10    2   0   2   1   3   1   0 
198   5    3   4   0   1   1   5   1 
155   5    3   2   3   0   0   3   1 
151   8    3   2   1   3   1   0   1 
146   3    3   0   3   2   1   2   0 
130   9    1   0   2   2   0   4   1 
161   9    3   0   1   3   3   1   1 
 86   1    1   0   2   0   3   0   0 
134   2    0   3   0   3   2   2   0 
197   3    3   2   3   1   1   5   0 
