7 20
          11  18  10  12  10  19   5 
138   2    2   0   1   2   0   5   0 
136   5    0   3   2   2   1   2   0 
174   2    2   1   0   1   3   5   1 
149   2    3   0   1   2   3   1   1 
136   2    1   3   2   0   3   1   0 
172   4    1   2   2   3   2   3   0 
147   2    2   1   3   1   3   0   1 
 84   2    1   0   2   0   3   0   0 
211   2    1   5   1   2   1   5   1 
160   5    1   5   3   1   0   2   0 
214   1    2   4   2   3   1   4   1 
181   2    0   5   1   2   0   5   1 
148   3    3   2   2   3   1   0   0 
143   2    0   5   2   0   3   0   1 
157   5    0   1   3   3   3   2   0 
 76   2    2   1   1   1   0   0   0 
 82   4    0   2   2   0   2   0   0 
102   5    1   1   0   3   1   1   0 
106   5    2   0   3   0   1   1   1 
197   4    3   2   3   2   3   2   0 
