7 15
          11  18  10  12  10  19   5 
135   1    2   0   1   2   0   5   0 
132   1    0   3   2   2   1   2   0 
169   3    2   1   0   1   3   5   1 
144   2    3   0   1   2   3   1   1 
131   1    1   3   2   0   3   1   0 
166   1    1   2   2   3   2   3   0 
142   2    2   1   3   1   3   0   1 
 84   1    1   0   2   0   3   0   0 
206   3    1   5   1   2   1   5   1 
161   1    1   5   3   1   0   2   0 
216   2    2   4   2   3   1   4   1 
183   1    0   5   1   2   0   5   1 
142   3    3   2   2   3   1   0   0 
145   3    0   5   2   0   3   0   1 
158   2    0   1   3   3   3   2   0 
