7 30
          11  18  10  12  10  19   5 
134   1    2   0   1   2   0   5   0 
132   3    0   3   2   2   1   2   0 
168  10    2   1   0   1   3   5   1 
143  10    3   0   1   2   3   1   1 
130   4    1   3   2   0   3   1   0 
174  10    1   2   2   3   2   3   0 
147   3    2   1   3   1   3   0   1 
 83   4    1   0   2   0   3   0   0 
209   8    1   5   1   2   1   5   1 
155   5    1   5   3   1   0   2   0 
216  10    2   4   2   3   1   4   1 
187   5    0   5   1   2   0   5   1 
149   6    3   2   2   3   1   0   0 
150  10    0   5   2   0   3   0   1 
162   4    0   1   3   3   3   2   0 
 72   5    2   1   1   1   0   0   0 
 84   2    0   2   2   0   2   0   0 
 97   3    1   1   0   3   1   1   0 
109   4    2   0   3   0   1   1   1 
195   5    3   2   3   2   3   2   0 
240   1    3   4   3   2   2   4   1 
158   7    1   5   2   0   1   3   0 
150   1    1   3   0   3   0   4   0 
118   6    3   2   1   0   2   1   0 
144   4    1   5   0   1   2   1   1 
181   3    1   4   3   3   2   0   1 
195   6    1   3   3   3   1   4   0 
193   1    3   3   3   1   2   2   1 
114  10    3   0   3   0   2   0   0 
158   8    2   1   2   2   3   2   0 
