10 12
          11  18  10  12  10  19   5  14   7  11 
157   3    2   0   3   0   0   3   1   2   0   1 
227   3    1   4   1   0   1   5   1   3   2   0 
240   3    1   3   3   1   3   1   1   3   0   3 
196   2    1   0   1   1   2   4   1   2   1   2 
178   2    1   5   1   3   0   3   0   0   1   0 
209   3    3   0   1   1   3   2   1   1   2   2 
238   3    1   5   3   1   0   2   0   3   2   2 
266   3    3   2   3   3   0   5   0   2   0   3 
251   3    3   4   1   2   3   2   0   2   0   3 
235   2    2   0   3   0   3   1   0   4   2   3 
103   3    1   1   2   1   1   1   0   0   0   0 
170   2    1   4   0   2   0   2   0   1   0   3 
