10 10
          11  18  10  12  10  19   5  14   7  11 
158   2    2   0   3   0   0   3   1   2   0   1 
228   3    1   4   1   0   1   5   1   3   2   0 
243   1    1   3   3   1   3   1   1   3   0   3 
192   2    1   0   1   1   2   4   1   2   1   2 
181   1    1   5   1   3   0   3   0   0   1   0 
204   2    3   0   1   1   3   2   1   1   2   2 
239   2    1   5   3   1   0   2   0   3   2   2 
262   1    3   2   3   3   0   5   0   2   0   3 
250   1    3   4   1   2   3   2   0   2   0   3 
228   3    2   0   3   0   3   1   0   4   2   3 
