10 50
          11  18  10  12  10  19   5  14   7  11 
155   2    2   0   3   0   0   3   1   2   0   1 
232  10    1   4   1   0   1   5   1   3   2   0 
240   8    1   3   3   1   3   1   1   3   0   3 
199   5    1   0   1   1   2   4   1   2   1   2 
184   8    1   5   1   3   0   3   0   0   1   0 
204   5    3   0   1   1   3   2   1   1   2   2 
242   4    1   5   3   1   0   2   0   3   2   2 
270   2    3   2   3   3   0   5   0   2   0   3 
254   8    3   4   1   2   3   2   0   2   0   3 
227   5    2   0   3   0   3   1   0   4   2   3 
103   4    1   1   2   1   1   1   0   0   0   0 
172   7    1   4   0   2   0   2   0   1   0   3 
167  10    1   1   0   2   0   4   0   2   0   3 
305   2    3   2   3   2   3   2   0   4   2   3 
245   8    2   3   2   2   1   5   1   0   1   2 
155   1    0   2   2   0   3   0   1   1   2   1 
125   6    1   1   2   1   0   1   1   0   0   2 
264   7    1   5   1   2   3   5   1   0   2   1 
252   1    2   5   3   1   3   0   1   2   2   1 
244  10    2   2   3   3   0   5   0   3   0   1 
199   4    2   1   2   2   3   2   0   2   0   1 
187   9    0   0   3   2   0   4   0   1   2   2 
234   7    3   4   1   1   1   2   1   1   1   3 
161   1    0   1   1   2   1   4   0   0   0   3 
247   9    3   1   3   0   1   4   0   4   1   2 
136   6    3   2   1   0   0   2   0   0   2   0 
232   3    2   1   1   2   0   5   1   4   0   2 
263   7    2   5   2   3   1   3   0   3   0   2 
256   9    1   5   1   1   3   4   0   1   1   3 
227   1    2   4   1   3   0   0   1   4   2   1 
253   8    1   5   1   0   2   4   0   4   2   1 
230   7    1   2   1   0   2   4   0   3   2   3 
194  10    0   2   3   3   1   5   0   0   1   0 
171   4    3   0   1   0   2   1   1   3   1   1 
234   3    3   2   3   1   1   5   0   1   1   1 
222   4    3   3   2   3   0   3   0   1   0   2 
195   6    0   1   0   0   3   4   0   2   2   3 
160   9    1   1   0   2   2   3   0   2   1   0 
119  10    1   0   2   3   0   0   0   1   2   0 
162   1    3   2   0   3   1   2   1   0   0   0 
185   5    2   0   1   3   0   5   0   2   0   1 
180   8    2   4   0   0   0   1   1   1   2   3 
130   7    3   0   0   1   2   0   0   0   2   2 
230   9    2   3   0   2   2   3   0   4   1   1 
222   8    2   1   3   3   0   0   0   4   1   3 
241   6    3   1   3   0   0   5   1   1   2   3 
265   6    2   5   2   3   0   2   1   3   0   3 
207   6    0   5   3   1   2   0   0   1   2   2 
190   6    2   3   1   0   1   3   1   2   2   0 
162   3    2   3   0   3   2   0   1   0   0   1 
