10 25
          11  18  10  12  10  19   5  14   7  11 
163   3    2   0   3   0   0   3   1   2   0   1 
229   1    1   4   1   0   1   5   1   3   2   0 
242   4    1   3   3   1   3   1   1   3   0   3 
191   1    1   0   1   1   2   4   1   2   1   2 
180   3    1   5   1   3   0   3   0   0   1   0 
205   3    3   0   1   1   3   2   1   1   2   2 
242   5    1   5   3   1   0   2   0   3   2   2 
262   2    3   2   3   3   0   5   0   2   0   3 
256   2    3   4   1   2   3   2   0   2   0   3 
226   5    2   0   3   0   3   1   0   4   2   3 
 99   4    1   1   2   1   1   1   0   0   0   0 
169   1    1   4   0   2   0   2   0   1   0   3 
168   2    1   1   0   2   0   4   0   2   0   3 
303   3    3   2   3   2   3   2   0   4   2   3 
238   5    2   3   2   2   1   5   1   0   1   2 
163   4    0   2   2   0   3   0   1   1   2   1 
125   5    1   1   2   1   0   1   1   0   0   2 
270   3    1   5   1   2   3   5   1   0   2   1 
251   4    2   5   3   1   3   0   1   2   2   1 
245   1    2   2   3   3   0   5   0   3   0   1 
197   1    2   1   2   2   3   2   0   2   0   1 
186   3    0   0   3   2   0   4   0   1   2   2 
232   5    3   4   1   1   1   2   1   1   1   3 
163   5    0   1   1   2   1   4   0   0   0   3 
242   2    3   1   3   0   1   4   0   4   1   2 
