10 20
          11  18  10  12  10  19   5  14   7  11 
159   3    2   0   3   0   0   3   1   2   0   1 
228   3    1   4   1   0   1   5   1   3   2   0 
243   1    1   3   3   1   3   1   1   3   0   3 
196   1    1   0   1   1   2   4   1   2   1   2 
186   2    1   5   1   3   0   3   0   0   1   0 
206   2    3   0   1   1   3   2   1   1   2   2 
238   2    1   5   3   1   0   2   0   3   2   2 
266   1    3   2   3   3   0   5   0   2   0   3 
252   2    3   4   1   2   3   2   0   2   0   3 
228   3    2   0   3   0   3   1   0   4   2   3 
 95   1    1   1   2   1   1   1   0   0   0   0 
166   1    1   4   0   2   0   2   0   1   0   3 
174   2    1   1   0   2   0   4   0   2   0   3 
303   2    3   2   3   2   3   2   0   4   2   3 
239   1    2   3   2   2   1   5   1   0   1   2 
161   3    0   2   2   0   3   0   1   1   2   1 
119   2    1   1   2   1   0   1   1   0   0   2 
264   1    1   5   1   2   3   5   1   0   2   1 
259   1    2   5   3   1   3   0   1   2   2   1 
245   3    2   2   3   3   0   5   0   3   0   1 
