10 15
          11  18  10  12  10  19   5  14   7  11 
155   1    2   0   3   0   0   3   1   2   0   1 
229   3    1   4   1   0   1   5   1   3   2   0 
244   1    1   3   3   1   3   1   1   3   0   3 
190   1    1   0   1   1   2   4   1   2   1   2 
186   2    1   5   1   3   0   3   0   0   1   0 
202   1    3   0   1   1   3   2   1   1   2   2 
245   3    1   5   3   1   0   2   0   3   2   2 
264   1    3   2   3   3   0   5   0   2   0   3 
259   3    3   4   1   2   3   2   0   2   0   3 
229   3    2   0   3   0   3   1   0   4   2   3 
 97   3    1   1   2   1   1   1   0   0   0   0 
168   2    1   4   0   2   0   2   0   1   0   3 
172   1    1   1   0   2   0   4   0   2   0   3 
300   3    3   2   3   2   3   2   0   4   2   3 
240   1    2   3   2   2   1   5   1   0   1   2 
