10 30
          11  18  10  12  10  19   5  14   7  11 
158   8    2   0   3   0   0   3   1   2   0   1 
234   2    1   4   1   0   1   5   1   3   2   0 
240   4    1   3   3   1   3   1   1   3   0   3 
191   3    1   0   1   1   2   4   1   2   1   2 
183   6    1   5   1   3   0   3   0   0   1   0 
209   3    3   0   1   1   3   2   1   1   2   2 
239   8    1   5   3   1   0   2   0   3   2   2 
270   8    3   2   3   3   0   5   0   2   0   3 
257   5    3   4   1   2   3   2   0   2   0   3 
230   3    2   0   3   0   3   1   0   4   2   3 
 98   9    1   1   2   1   1   1   0   0   0   0 
169   5    1   4   0   2   0   2   0   1   0   3 
170   9    1   1   0   2   0   4   0   2   0   3 
298   5    3   2   3   2   3   2   0   4   2   3 
243   4    2   3   2   2   1   5   1   0   1   2 
161  10    0   2   2   0   3   0   1   1   2   1 
120   3    1   1   2   1   0   1   1   0   0   2 
268   4    1   5   1   2   3   5   1   0   2   1 
257   5    2   5   3   1   3   0   1   2   2   1 
245   5    2   2   3   3   0   5   0   3   0   1 
191   9    2   1   2   2   3   2   0   2   0   1 
181   6    0   0   3   2   0   4   0   1   2   2 
235   7    3   4   1   1   1   2   1   1   1   3 
161  10    0   1   1   2   1   4   0   0   0   3 
240   2    3   1   3   0   1   4   0   4   1   2 
139   6    3   2   1   0   0   2   0   0   2   0 
230   1    2   1   1   2   0   5   1   4   0   2 
262   3    2   5   2   3   1   3   0   3   0   2 
255   2    1   5   1   1   3   4   0   1   1   3 
226   6    2   4   1   3   0   0   1   4   2   1 
