12 15
          11  18  10  12  10  19   5  14   7  11  16   5 
186   2    3   0   0   2   2   3   0   1   0   2   1   0 
289   1    1   5   3   2   3   0   0   2   2   1   4   0 
233   2    2   3   0   3   1   0   0   1   1   3   3   1 
227   2    1   3   1   3   1   5   0   2   0   0   2   0 
246   1    3   0   1   1   3   2   1   1   2   2   2   1 
279   2    3   2   0   1   1   4   1   2   2   1   4   1 
294   2    0   5   1   2   0   5   1   3   1   2   3   0 
157   3    0   2   0   3   2   0   1   0   2   0   1   1 
160   2    3   4   1   0   2   1   0   1   0   0   0   0 
181   1    1   4   0   2   0   2   0   1   0   3   1   0 
258   2    0   3   0   3   0   2   0   4   2   1   4   1 
331   1    3   2   1   3   2   5   1   3   2   2   1   1 
167   1    2   0   1   2   0   2   1   0   2   0   3   0 
187   1    3   2   1   0   2   1   0   1   2   0   1   1 
310   1    1   5   1   2   3   5   1   0   2   1   3   1 
