12 12
          11  18  10  12  10  19   5  14   7  11  16   5 
184   3    3   0   0   2   2   3   0   1   0   2   1   0 
286   2    1   5   3   2   3   0   0   2   2   1   4   0 
229   1    2   3   0   3   1   0   0   1   1   3   3   1 
232   1    1   3   1   3   1   5   0   2   0   0   2   0 
239   2    3   0   1   1   3   2   1   1   2   2   2   1 
277   1    3   2   0   1   1   4   1   2   2   1   4   1 
292   1    0   5   1   2   0   5   1   3   1   2   3   0 
154   1    0   2   0   3   2   0   1   0   2   0   1   1 
162   3    3   4   1   0   2   1   0   1   0   0   0   0 
178   1    1   4   0   2   0   2   0   1   0   3   1   0 
257   1    0   3   0   3   0   2   0   4   2   1   4   1 
324   2    3   2   1   3   2   5   1   3   2   2   1   1 
