12 30
          11  18  10  12  10  19   5  14   7  11  16   5 
178   1    3   0   0   2   2   3   0   1   0   2   1   0 
287   8    1   5   3   2   3   0   0   2   2   1   4   0 
235   5    2   3   0   3   1   0   0   1   1   3   3   1 
233   5    1   3   1   3   1   5   0   2   0   0   2   0 
241   8    3   0   1   1   3   2   1   1   2   2   2   1 
278   2    3   2   0   1   1   4   1   2   2   1   4   1 
295   2    0   5   1   2   0   5   1   3   1   2   3   0 
161   3    0   2   0   3   2   0   1   0   2   0   1   1 
157   7    3   4   1   0   2   1   0   1   0   0   0   0 
179   2    1   4   0   2   0   2   0   1   0   3   1   0 
252   4    0   3   0   3   0   2   0   4   2   1   4   1 
329   9    3   2   1   3   2   5   1   3   2   2   1   1 
171   1    2   0   1   2   0   2   1   0   2   0   3   0 
184  10    3   2   1   0   2   1   0   1   2   0   1   1 
312   4    1   5   1   2   3   5   1   0   2   1   3   1 
302   6    3   2   3   0   3   3   1   1   2   1   4   1 
231   3    0   5   0   2   0   2   1   1   1   2   4   0 
118   5    0   2   1   1   0   0   1   2   0   2   0   0 
264   7    3   4   3   3   1   1   0   1   1   1   2   1 
202   8    0   1   1   2   1   4   0   0   0   3   4   0 
267   2    3   1   1   3   1   5   0   2   2   1   2   0 
138   2    0   2   1   0   2   0   1   1   0   2   0   1 
298   2    2   4   0   2   2   5   1   4   1   2   0   1 
214   3    0   3   1   3   1   1   1   3   0   1   2   1 
264   9    2   4   1   3   0   0   1   4   2   1   2   1 
217   3    1   0   2   3   0   4   1   2   1   1   2   0 
294   7    2   4   0   2   3   4   0   1   2   3   1   1 
155   9    1   0   2   0   3   0   0   1   1   0   3   1 
235   9    1   1   3   1   3   2   0   4   0   1   2   0 
230   1    3   3   2   3   0   3   0   1   0   2   1   0 
