12 10
          11  18  10  12  10  19   5  14   7  11  16   5 
180   3    3   0   0   2   2   3   0   1   0   2   1   0 
292   3    1   5   3   2   3   0   0   2   2   1   4   0 
226   3    2   3   0   3   1   0   0   1   1   3   3   1 
233   2    1   3   1   3   1   5   0   2   0   0   2   0 
238   2    3   0   1   1   3   2   1   1   2   2   2   1 
278   3    3   2   0   1   1   4   1   2   2   1   4   1 
287   3    0   5   1   2   0   5   1   3   1   2   3   0 
163   3    0   2   0   3   2   0   1   0   2   0   1   1 
163   3    3   4   1   0   2   1   0   1   0   0   0   0 
182   2    1   4   0   2   0   2   0   1   0   3   1   0 
