12 20
          11  18  10  12  10  19   5  14   7  11  16   5 
187   1    3   0   0   2   2   3   0   1   0   2   1   0 
288   2    1   5   3   2   3   0   0   2   2   1   4   0 
229   1    2   3   0   3   1   0   0   1   1   3   3   1 
233   3    1   3   1   3   1   5   0   2   0   0   2   0 
242   3    3   0   1   1   3   2   1   1   2   2   2   1 
283   3    3   2   0   1   1   4   1   2   2   1   4   1 
290   1    0   5   1   2   0   5   1   3   1   2   3   0 
159   3    0   2   0   3   2   0   1   0   2   0   1   1 
163   3    3   4   1   0   2   1   0   1   0   0   0   0 
181   3    1   4   0   2   0   2   0   1   0   3   1   0 
254   2    0   3   0   3   0   2   0   4   2   1   4   1 
323   3    3   2   1   3   2   5   1   3   2   2   1   1 
168   2    2   0   1   2   0   2   1   0   2   0   3   0 
181   2    3   2   1   0   2   1   0   1   2   0   1   1 
314   1    1   5   1   2   3   5   1   0   2   1   3   1 
298   2    3   2   3   0   3   3   1   1   2   1   4   1 
232   1    0   5   0   2   0   2   1   1   1   2   4   0 
118   2    0   2   1   1   0   0   1   2   0   2   0   0 
267   2    3   4   3   3   1   1   0   1   1   1   2   1 
205   3    0   1   1   2   1   4   0   0   0   3   4   0 
