12 50
          11  18  10  12  10  19   5  14   7  11  16   5 
186   7    3   0   0   2   2   3   0   1   0   2   1   0 
286   1    1   5   3   2   3   0   0   2   2   1   4   0 
227   3    2   3   0   3   1   0   0   1   1   3   3   1 
231   3    1   3   1   3   1   5   0   2   0   0   2   0 
247   8    3   0   1   1   3   2   1   1   2   2   2   1 
283  10    3   2   0   1   1   4   1   2   2   1   4   1 
286   2    0   5   1   2   0   5   1   3   1   2   3   0 
161   4    0   2   0   3   2   0   1   0   2   0   1   1 
157   5    3   4   1   0   2   1   0   1   0   0   0   0 
186   4    1   4   0   2   0   2   0   1   0   3   1   0 
250   9    0   3   0   3   0   2   0   4   2   1   4   1 
325   4    3   2   1   3   2   5   1   3   2   2   1   1 
167   2    2   0   1   2   0   2   1   0   2   0   3   0 
182   6    3   2   1   0   2   1   0   1   2   0   1   1 
311  10    1   5   1   2   3   5   1   0   2   1   3   1 
301   4    3   2   3   0   3   3   1   1   2   1   4   1 
230   5    0   5   0   2   0   2   1   1   1   2   4   0 
124   3    0   2   1   1   0   0   1   2   0   2   0   0 
263   5    3   4   3   3   1   1   0   1   1   1   2   1 
208   8    0   1   1   2   1   4   0   0   0   3   4   0 
269   6    3   1   1   3   1   5   0   2   2   1   2   0 
138  10    0   2   1   0   2   0   1   1   0   2   0   1 
306  10    2   4   0   2   2   5   1   4   1   2   0   1 
214   4    0   3   1   3   1   1   1   3   0   1   2   1 
270   6    2   4   1   3   0   0   1   4   2   1   2   1 
217   7    1   0   2   3   0   4   1   2   1   1   2   0 
286   5    2   4   0   2   3   4   0   1   2   3   1   1 
161   7    1   0   2   0   3   0   0   1   1   0   3   1 
231   8    1   1   3   1   3   2   0   4   0   1   2   0 
227   3    3   3   2   3   0   3   0   1   0   2   1   0 
214   9    0   1   3   3   1   2   1   3   1   0   1   1 
159   3    2   3   0   1   2   0   0   0   1   3   0   0 
226   4    1   1   3   0   3   2   0   3   1   1   3   0 
209   6    0   1   2   0   1   4   0   4   1   2   1   0 
227   3    2   4   0   0   0   1   1   1   2   3   4   0 
182   3    0   2   2   0   1   0   1   3   2   2   0   1 
238   1    2   3   1   3   1   2   1   1   2   3   0   0 
270   5    1   5   1   3   3   1   1   0   0   3   3   0 
340   7    2   5   2   3   2   5   0   2   1   3   1   1 
251   7    0   5   3   1   2   0   0   1   2   2   3   1 
196   3    1   0   1   2   3   2   1   1   1   2   0   1 
183   5    2   0   2   0   0   1   0   3   0   3   3   0 
282   1    1   5   1   0   3   4   0   3   2   0   3   0 
314   3    1   3   3   3   3   4   1   3   1   0   3   0 
289   3    1   2   1   2   3   4   1   3   0   3   3   0 
251   3    0   2   3   1   1   3   0   4   0   3   3   0 
226   9    3   2   1   0   2   2   0   3   2   0   3   0 
266   8    2   3   0   3   1   5   1   0   2   2   1   1 
275   3    3   0   3   2   3   2   0   1   1   3   4   0 
304   8    1   4   2   3   3   3   1   2   1   1   3   0 
