12 25
          11  18  10  12  10  19   5  14   7  11  16   5 
180   1    3   0   0   2   2   3   0   1   0   2   1   0 
287   3    1   5   3   2   3   0   0   2   2   1   4   0 
231   1    2   3   0   3   1   0   0   1   1   3   3   1 
233   4    1   3   1   3   1   5   0   2   0   0   2   0 
239   1    3   0   1   1   3   2   1   1   2   2   2   1 
282   2    3   2   0   1   1   4   1   2   2   1   4   1 
293   2    0   5   1   2   0   5   1   3   1   2   3   0 
158   3    0   2   0   3   2   0   1   0   2   0   1   1 
158   2    3   4   1   0   2   1   0   1   0   0   0   0 
181   4    1   4   0   2   0   2   0   1   0   3   1   0 
254   4    0   3   0   3   0   2   0   4   2   1   4   1 
322   3    3   2   1   3   2   5   1   3   2   2   1   1 
171   2    2   0   1   2   0   2   1   0   2   0   3   0 
185   5    3   2   1   0   2   1   0   1   2   0   1   1 
312   3    1   5   1   2   3   5   1   0   2   1   3   1 
304   5    3   2   3   0   3   3   1   1   2   1   4   1 
233   3    0   5   0   2   0   2   1   1   1   2   4   0 
125   2    0   2   1   1   0   0   1   2   0   2   0   0 
263   5    3   4   3   3   1   1   0   1   1   1   2   1 
205   2    0   1   1   2   1   4   0   0   0   3   4   0 
271   2    3   1   1   3   1   5   0   2   2   1   2   0 
137   3    0   2   1   0   2   0   1   1   0   2   0   1 
300   3    2   4   0   2   2   5   1   4   1   2   0   1 
223   5    0   3   1   3   1   1   1   3   0   1   2   1 
266   3    2   4   1   3   0   0   1   4   2   1   2   1 
